Vertex Count: 84

Data:

0.990735 0 2.01362 0.48433 0.25 0 -0 -1
0.063755 2.99153 2.01362 0.375 0.5 0 -0 -1
0.990735 2.99153 2.01362 0.48433 0.5 0 -0 -1
0.063755 0 2.01362 0.375 0.25 0 0 -1
0.063755 2.99153 2.01362 0.375 0.5 0 -0 -1
0.990735 0 2.01362 0.48433 0.25 0 -0 -1
0.063755 0 -1.0259 0.375 1 1 0 -0
0.063755 2.99153 2.01362 0.125 0.75 1 0 -0
0.063755 0 2.01362 0.125 1 1 0 -0
0.063755 2.99153 -1.0259 0.375 0.75 1 0 -0
0.063755 2.99153 2.01362 0.125 0.75 1 0 -0
0.063755 0 -1.0259 0.375 1 1 0 -0
0.990735 2.99153 -1.0259 0.48433 0.75 0 0 1
0.063755 0 -1.0259 0.375 1 0 0 1
0.990735 0 -1.0259 0.48433 1 0 0 1
0.063755 2.99153 -1.0259 0.375 0.75 0 0 1
0.063755 0 -1.0259 0.375 1 0 0 1
0.990735 2.99153 -1.0259 0.48433 0.75 0 0 1
0.990735 2.99153 2.01362 0.48433 0.5 0 -1 -0
0.063755 2.99153 -1.0259 0.375 0.75 0 -1 -0
0.990735 2.99153 -1.0259 0.48433 0.75 0 -1 -0
0.063755 2.99153 2.01362 0.375 0.5 0 -1 -0
0.063755 2.99153 -1.0259 0.375 0.75 0 -1 -0
0.990735 2.99153 2.01362 0.48433 0.5 0 -1 -0
-0.878757 4.19981 3.09329 0.125 0.75 -1 0 -0
-0.878757 0 -1.96841 0.375 1 -1 0 -0
-0.878757 0 3.09329 0.125 1 -1 0 -0
-0.878757 4.19981 -1.96841 0.375 0.75 -1 0 -0
-0.878757 0 -1.96841 0.375 1 -1 0 -0
-0.878757 4.19981 3.09329 0.125 0.75 -1 0 -0
0.990735 2.99153 2.01362 0.821675 0.821924 1 -0 -0
0.990735 0 3.09329 0.875 1 1 -0 -0
0.990735 0 2.01362 0.821675 1 1 -0 -0
0.990735 2.99153 2.01362 0.821675 0.821924 1 -0 -0
0.990735 4.19981 3.09329 0.875 0.75 1 0 -0
0.990735 0 3.09329 0.875 1 1 -0 -0
0.990735 2.99153 2.01362 0.821675 0.821924 1 -0 -0
0.990735 4.19981 -1.96841 0.625 0.75 1 0 -0
0.990735 4.19981 3.09329 0.875 0.75 1 0 -0
0.990735 2.99153 -1.0259 0.671551 0.821924 1 0 -0
0.990735 4.19981 -1.96841 0.625 0.75 1 0 -0
0.990735 2.99153 2.01362 0.821675 0.821924 1 -0 -0
0.990735 2.99153 -1.0259 0.671551 0.821924 1 0 -0
0.990735 0 -1.96841 0.625 1 1 0 -0
0.990735 4.19981 -1.96841 0.625 0.75 1 0 -0
0.990735 2.99153 -1.0259 0.671551 0.821924 1 0 -0
0.990735 0 -1.0259 0.671551 1 1 0 -0
0.990735 0 -1.96841 0.625 1 1 0 -0
0.063755 0 -1.0259 0.501038 0.046551 0 -1 -0
0.990735 0 -1.96841 0.625 0 0 -1 -0
0.990735 0 -1.0259 0.625 0.046551 0 -1 -0
0.063755 0 -1.0259 0.501038 0.046551 0 -1 -0
-0.878757 0 -1.96841 0.375 0 0 -1 -0
0.990735 0 -1.96841 0.625 0 0 -1 -0
0.063755 0 -1.0259 0.501038 0.046551 0 -1 -0
-0.878757 0 3.09329 0.375 0.25 0 -1 -0
-0.878757 0 -1.96841 0.375 0 0 -1 -0
0.063755 0 2.01362 0.501038 0.196675 0 -1 -0
-0.878757 0 3.09329 0.375 0.25 0 -1 -0
0.063755 0 -1.0259 0.501038 0.046551 0 -1 -0
0.063755 0 2.01362 0.501038 0.196675 0 -1 -0
0.990735 0 3.09329 0.625 0.25 0 -1 -0
-0.878757 0 3.09329 0.375 0.25 0 -1 -0
0.063755 0 2.01362 0.501038 0.196675 0 -1 -0
0.990735 0 2.01362 0.625 0.196675 0 -1 -0
0.990735 0 3.09329 0.625 0.25 0 -1 -0
-0.878757 0 3.09329 0.375 0.25 0 0 1
0.990735 4.19981 3.09329 0.625 0.5 0 0 1
-0.878757 4.19981 3.09329 0.375 0.5 0 0 1
0.990735 0 3.09329 0.625 0.25 0 0 1
0.990735 4.19981 3.09329 0.625 0.5 0 0 1
-0.878757 0 3.09329 0.375 0.25 0 0 1
-0.878757 4.19981 3.09329 0.375 0.5 0 1 -0
0.990735 4.19981 -1.96841 0.625 0.75 0 1 -0
-0.878757 4.19981 -1.96841 0.375 0.75 0 1 -0
0.990735 4.19981 3.09329 0.625 0.5 0 1 -0
0.990735 4.19981 -1.96841 0.625 0.75 0 1 -0
-0.878757 4.19981 3.09329 0.375 0.5 0 1 -0
-0.878757 4.19981 -1.96841 0.375 0.75 0 0 -1
0.990735 0 -1.96841 0.625 1 0 0 -1
-0.878757 0 -1.96841 0.375 1 0 0 -1
0.990735 4.19981 -1.96841 0.625 0.75 0 0 -1
0.990735 0 -1.96841 0.625 1 0 0 -1
-0.878757 4.19981 -1.96841 0.375 0.75 0 0 -1
