Vertex Count: 348

Data:

3.8852 0.049177 -5.31591 0.7 0.53167 0 -1 -0
4.78479 0.049177 -5.18159 0.75 0.520341 0 -1 -0
4.78227 0.049177 -5.17383 0.75 0.53167 0 -1 -0
3.8852 0.049177 -5.32407 0.7 0.520341 0 -1 -0
4.78479 0.049177 -5.18159 0.75 0.520341 0 -1 -0
3.8852 0.049177 -5.31591 0.7 0.53167 0 -1 -0
3.8852 0.049177 -5.31591 0.7 0.53167 0 -1 -0
3.63688 0.049177 -5.28474 0.686194 0.520341 -0 -1 -0
3.8852 0.049177 -5.32407 0.7 0.520341 0 -1 -0
3.63235 0.049177 -5.27586 0.685904 0.53167 -0 -1 -0
3.63688 0.049177 -5.28474 0.686194 0.520341 -0 -1 -0
3.8852 0.049177 -5.31591 0.7 0.53167 0 -1 -0
3.58602 0.049177 -5.36679 0.85 0.521243 0 -1 -0
3.63688 0.049177 -5.28474 0.853616 0.513644 0 -1 -0
3.63235 0.049177 -5.27586 0.853786 0.521243 0 -1 -0
3.59263 0.049177 -5.37159 0.85 0.513644 0 -1 -0
3.63688 0.049177 -5.28474 0.853616 0.513644 0 -1 -0
3.58602 0.049177 -5.36679 0.85 0.521243 0 -1 -0
2.6261 0.049177 -6.32671 0.8 0.521243 0 -1 -0
3.59263 0.049177 -5.37159 0.849832 0.513644 0 -1 -0
3.58602 0.049177 -5.36679 0.849739 0.521243 0 -1 -0
2.6309 0.049177 -6.33332 0.8 0.513644 0 -1 -0
3.59263 0.049177 -5.37159 0.849832 0.513644 0 -1 -0
2.6261 0.049177 -6.32671 0.8 0.521243 0 -1 -0
1.41653 0.049177 -6.94302 0.75 0.521243 0 -1 -0
2.6309 0.049177 -6.33332 0.8 0.513644 0 -1 -0
2.6261 0.049177 -6.32671 0.8 0.521243 0 -1 -0
1.41905 0.049177 -6.95078 0.75 0.513644 0 -1 -0
2.6309 0.049177 -6.33332 0.8 0.513644 0 -1 -0
1.41653 0.049177 -6.94302 0.75 0.521243 0 -1 -0
0.075708 0.049177 -7.15539 0.7 0.521243 0 -1 -0
1.41905 0.049177 -6.95078 0.749832 0.513644 0 -1 -0
1.41653 0.049177 -6.94302 0.75 0.521243 0 -1 -0
0.075708 0.049177 -7.16355 0.7 0.513644 0 -1 -0
1.41905 0.049177 -6.95078 0.749832 0.513644 0 -1 -0
0.075708 0.049177 -7.15539 0.7 0.521243 0 -1 -0
-1.26511 0.049177 -6.94302 0.65 0.521243 -0 -1 -0
0.075708 0.049177 -7.16355 0.7 0.513644 0 -1 -0
0.075708 0.049177 -7.15539 0.7 0.521243 0 -1 -0
-1.26763 0.049177 -6.95078 0.65 0.513644 -0 -1 -0
0.075708 0.049177 -7.16355 0.7 0.513644 0 -1 -0
-1.26511 0.049177 -6.94302 0.65 0.521243 -0 -1 -0
-2.47469 0.049177 -6.32671 0.6 0.521243 -0 -1 -0
-1.26763 0.049177 -6.95078 0.65 0.513644 -0 -1 -0
-1.26511 0.049177 -6.94302 0.649739 0.521243 -0 -1 -0
-2.47948 0.049177 -6.33332 0.6 0.513644 -0 -1 -0
-1.26763 0.049177 -6.95078 0.65 0.513644 -0 -1 -0
-2.47469 0.049177 -6.32671 0.6 0.521243 -0 -1 -0
-3.43461 0.049177 -5.36679 0.55 0.521243 -0 -1 -0
-2.47948 0.049177 -6.33332 0.599832 0.513644 -0 -1 -0
-2.47469 0.049177 -6.32671 0.599739 0.521243 -0 -1 -0
-3.44121 0.049177 -5.37159 0.55 0.513644 -0 -1 -0
-2.47948 0.049177 -6.33332 0.599832 0.513644 -0 -1 -0
-3.43461 0.049177 -5.36679 0.55 0.521243 -0 -1 -0
-4.05091 0.049177 -4.15722 0.5 0.521243 -0 -1 -0
-3.44121 0.049177 -5.37159 0.549832 0.513644 -0 -1 -0
-3.43461 0.049177 -5.36679 0.549739 0.521243 -0 -1 -0
-4.05868 0.049177 -4.15974 0.5 0.513644 -0 -1 -0
-3.44121 0.049177 -5.37159 0.549832 0.513644 -0 -1 -0
-4.05091 0.049177 -4.15722 0.5 0.521243 -0 -1 -0
-4.26328 0.049177 -2.8164 0.45 0.521243 -0 -1 -0
-4.05868 0.049177 -4.15974 0.499832 0.513644 -0 -1 -0
-4.05091 0.049177 -4.15722 0.5 0.521243 -0 -1 -0
-4.27144 0.049177 -2.8164 0.45 0.513644 -0 -1 -0
-4.05868 0.049177 -4.15974 0.499832 0.513644 -0 -1 -0
-4.26328 0.049177 -2.8164 0.45 0.521243 -0 -1 -0
-4.05091 0.049177 -1.47557 0.4 0.521243 -0 -1 0
-4.27144 0.049177 -2.8164 0.45 0.513644 -0 -1 -0
-4.26328 0.049177 -2.8164 0.45 0.521243 -0 -1 -0
-4.05868 0.049177 -1.47305 0.4 0.513644 -0 -1 0
-4.27144 0.049177 -2.8164 0.45 0.513644 -0 -1 -0
-4.05091 0.049177 -1.47557 0.4 0.521243 -0 -1 0
-3.43461 0.049177 -0.266003 0.35 0.521243 -0 -1 0
-4.05868 0.049177 -1.47305 0.4 0.513644 -0 -1 0
-4.05091 0.049177 -1.47557 0.4 0.521243 -0 -1 0
-3.44121 0.049177 -0.261205 0.35 0.513644 -0 -1 0
-4.05868 0.049177 -1.47305 0.4 0.513644 -0 -1 0
-3.43461 0.049177 -0.266003 0.35 0.521243 -0 -1 0
-2.47469 0.049177 0.69392 0.3 0.521243 -0 -1 0
-3.44121 0.049177 -0.261205 0.35 0.513644 -0 -1 0
-3.43461 0.049177 -0.266003 0.35 0.521243 -0 -1 0
-2.47948 0.049177 0.700523 0.3 0.513644 -0 -1 0
-3.44121 0.049177 -0.261205 0.35 0.513644 -0 -1 0
-2.47469 0.049177 0.69392 0.3 0.521243 -0 -1 0
-1.26511 0.049177 1.31023 0.25 0.521243 -0 -1 0
-2.47948 0.049177 0.700523 0.3 0.513644 -0 -1 0
-2.47469 0.049177 0.69392 0.299738 0.521243 -0 -1 0
-1.26764 0.049177 1.31799 0.25 0.513644 -0 -1 0
-2.47948 0.049177 0.700523 0.3 0.513644 -0 -1 0
-1.26511 0.049177 1.31023 0.25 0.521243 -0 -1 0
0.075708 0.049177 1.52259 0.2 0.521243 -0 -1 0
-1.26764 0.049177 1.31799 0.249832 0.513644 -0 -1 0
-1.26511 0.049177 1.31023 0.249738 0.521243 -0 -1 0
0.075708 0.049177 1.53076 0.2 0.513644 -0 -1 0
-1.26764 0.049177 1.31799 0.249832 0.513644 -0 -1 0
0.075708 0.049177 1.52259 0.2 0.521243 -0 -1 0
1.41653 0.049177 1.31023 0.15 0.521243 0 -1 0
0.075708 0.049177 1.53076 0.2 0.513644 -0 -1 0
0.075708 0.049177 1.52259 0.2 0.521243 -0 -1 0
1.41905 0.049177 1.31799 0.15 0.513644 0 -1 0
0.075708 0.049177 1.53076 0.2 0.513644 -0 -1 0
1.41653 0.049177 1.31023 0.15 0.521243 0 -1 0
2.6261 0.049177 0.69392 0.1 0.521243 0 -1 0
1.41905 0.049177 1.31799 0.15 0.513644 0 -1 0
1.41653 0.049177 1.31023 0.149738 0.521243 0 -1 0
2.6309 0.049177 0.700524 0.1 0.513644 0 -1 0
1.41905 0.049177 1.31799 0.15 0.513644 0 -1 0
2.6261 0.049177 0.69392 0.1 0.521243 0 -1 0
2.6261 0.049177 0.69392 0.1 0.521243 0 -1 0
2.97904 0.049177 0.352384 0.081952 0.513644 0 -1 0
2.6309 0.049177 0.700524 0.1 0.513644 0 -1 0
2.97748 0.049177 0.342542 0.081778 0.521243 0 -1 0
2.97904 0.049177 0.352384 0.081952 0.513644 0 -1 0
2.6261 0.049177 0.69392 0.1 0.521243 0 -1 0
2.98813 0.049177 0.347968 0.25001 0.53167 -0 -1 0
2.97904 0.049177 0.352384 0.250424 0.52034 -0 -1 0
2.97748 0.049177 0.342542 0.250671 0.53167 -0 -1 0
2.98561 0.049177 0.355731 0.250016 0.520341 -0 -1 0
2.97904 0.049177 0.352384 0.250424 0.52034 -0 -1 0
2.98813 0.049177 0.347968 0.25001 0.53167 -0 -1 0
3.8852 0.049177 0.49005 0.2 0.53167 -0 -1 0
2.98561 0.049177 0.355731 0.24975 0.520341 -0 -1 0
2.98813 0.049177 0.347968 0.24961 0.53167 -0 -1 0
3.8852 0.049177 0.498212 0.2 0.520341 -0 -1 0
2.98561 0.049177 0.355731 0.24975 0.520341 -0 -1 0
3.8852 0.049177 0.49005 0.2 0.53167 -0 -1 0
4.78227 0.049177 0.347968 0.15 0.53167 0 -1 0
3.8852 0.049177 0.498212 0.2 0.520341 -0 -1 0
3.8852 0.049177 0.49005 0.2 0.53167 -0 -1 0
4.78479 0.049177 0.355731 0.15 0.520341 0 -1 0
3.8852 0.049177 0.498212 0.2 0.520341 -0 -1 0
4.78227 0.049177 0.347968 0.15 0.53167 0 -1 0
5.59153 0.049177 -0.064369 0.1 0.53167 0 -1 0
4.78479 0.049177 0.355731 0.14975 0.520341 0 -1 0
4.78227 0.049177 0.347968 0.14961 0.53167 0 -1 0
5.59633 0.049177 -0.057766 0.1 0.520341 0 -1 0
4.78479 0.049177 0.355731 0.14975 0.520341 0 -1 0
5.59153 0.049177 -0.064369 0.1 0.53167 0 -1 0
6.23376 0.049177 -0.706601 0.05 0.53167 0 -1 0
5.59633 0.049177 -0.057766 0.1 0.520341 0 -1 0
5.59153 0.049177 -0.064369 0.09961 0.53167 0 -1 0
6.24036 0.049177 -0.701803 0.05 0.52034 0 -1 0
5.59633 0.049177 -0.057766 0.1 0.520341 0 -1 0
6.23376 0.049177 -0.706601 0.05 0.53167 0 -1 0
6.6461 0.049177 -1.51586 0 0.53167 0 -1 0
6.24036 0.049177 -0.701803 0.05 0.52034 0 -1 0
6.23376 0.049177 -0.706601 0.04961 0.53167 0 -1 0
6.65386 0.049177 -1.51334 0 0.520341 0 -1 0
6.24036 0.049177 -0.701803 0.05 0.52034 0 -1 0
6.6461 0.049177 -1.51586 0 0.53167 0 -1 0
6.78818 0.049177 -2.41293 0.95 0.53167 0 -1 0
6.65386 0.049177 -1.51334 0.99975 0.520341 0 -1 0
6.6461 0.049177 -1.51586 0.99961 0.53167 0 -1 0
6.79634 0.049177 -2.41293 0.95 0.520341 0 -1 0
6.65386 0.049177 -1.51334 0.99975 0.520341 0 -1 0
6.78818 0.049177 -2.41293 0.95 0.53167 0 -1 0
6.6461 0.049177 -3.31 0.9 0.53167 0 -1 -0
6.79634 0.049177 -2.41293 0.95 0.520341 0 -1 0
6.78818 0.049177 -2.41293 0.95 0.53167 0 -1 0
6.65386 0.049177 -3.31252 0.9 0.520341 0 -1 -0
6.79634 0.049177 -2.41293 0.95 0.520341 0 -1 0
6.6461 0.049177 -3.31 0.9 0.53167 0 -1 -0
6.23376 0.049177 -4.11926 0.85 0.53167 0 -1 -0
6.65386 0.049177 -3.31252 0.89975 0.520341 0 -1 -0
6.6461 0.049177 -3.31 0.89961 0.53167 0 -1 -0
6.24036 0.049177 -4.12405 0.85 0.520341 0 -1 -0
6.65386 0.049177 -3.31252 0.89975 0.520341 0 -1 -0
6.23376 0.049177 -4.11926 0.85 0.53167 0 -1 -0
5.59153 0.049177 -4.76149 0.8 0.53167 0 -1 -0
6.24036 0.049177 -4.12405 0.85 0.520341 0 -1 -0
6.23376 0.049177 -4.11926 0.84961 0.53167 0 -1 -0
5.59632 0.049177 -4.76809 0.8 0.52034 0 -1 -0
6.24036 0.049177 -4.12405 0.85 0.520341 0 -1 -0
5.59153 0.049177 -4.76149 0.8 0.53167 0 -1 -0
4.78227 0.049177 -5.17383 0.75 0.53167 0 -1 -0
5.59632 0.049177 -4.76809 0.8 0.52034 0 -1 -0
5.59153 0.049177 -4.76149 0.8 0.53167 0 -1 -0
4.78479 0.049177 -5.18159 0.75 0.520341 0 -1 -0
5.59632 0.049177 -4.76809 0.8 0.52034 0 -1 -0
4.78227 0.049177 -5.17383 0.75 0.53167 0 -1 -0
3.8852 0.049177 0.498212 0.553198 0.542566 0 1 -0
2.97904 0.049177 0.352384 0.536195 0.545048 -0 1 -0
2.98561 0.049177 0.355731 0.536318 0.544991 -0 1 0
2.97904 0.049177 0.352384 0.536195 0.545048 -0 1 -0
1.41905 0.049177 1.31799 0.506923 0.528614 -0 1 -0
2.6309 0.049177 0.700524 0.529662 0.539123 -0 1 -0
2.97904 0.049177 0.352384 0.536195 0.545048 -0 1 -0
0.075708 0.049177 1.53076 0.481717 0.524993 0 1 0
1.41905 0.049177 1.31799 0.506923 0.528614 -0 1 -0
2.97904 0.049177 0.352384 0.536195 0.545048 -0 1 -0
-1.26764 0.049177 1.31799 0.45651 0.528614 -0 1 -0
0.075708 0.049177 1.53076 0.481717 0.524993 0 1 0
2.97904 0.049177 0.352384 0.536195 0.545048 -0 1 -0
-2.47948 0.049177 0.700523 0.433771 0.539123 -0 1 0
-1.26764 0.049177 1.31799 0.45651 0.528614 -0 1 -0
2.97904 0.049177 0.352384 0.536195 0.545048 -0 1 -0
-3.44121 0.049177 -0.261205 0.415726 0.555491 -0 1 0
-2.47948 0.049177 0.700523 0.433771 0.539123 -0 1 0
2.97904 0.049177 0.352384 0.536195 0.545048 -0 1 -0
-4.05868 0.049177 -1.47305 0.404139 0.576115 0 1 -0
-3.44121 0.049177 -0.261205 0.415726 0.555491 -0 1 0
2.97904 0.049177 0.352384 0.536195 0.545048 -0 1 -0
-4.27144 0.049177 -2.8164 0.400147 0.598978 0 1 -0
-4.05868 0.049177 -1.47305 0.404139 0.576115 0 1 -0
2.97904 0.049177 0.352384 0.536195 0.545048 -0 1 -0
-4.05868 0.049177 -4.15974 0.404139 0.62184 0 1 -0
-4.27144 0.049177 -2.8164 0.400147 0.598978 0 1 -0
2.97904 0.049177 0.352384 0.536195 0.545048 -0 1 -0
-3.44121 0.049177 -5.37159 0.415726 0.642465 0 1 -0
-4.05868 0.049177 -4.15974 0.404139 0.62184 0 1 -0
2.97904 0.049177 0.352384 0.536195 0.545048 -0 1 -0
-2.47948 0.049177 -6.33332 0.433771 0.658832 0 1 -0
-3.44121 0.049177 -5.37159 0.415726 0.642465 0 1 -0
2.97904 0.049177 0.352384 0.536195 0.545048 -0 1 -0
-1.26763 0.049177 -6.95078 0.45651 0.669341 0 1 -0
-2.47948 0.049177 -6.33332 0.433771 0.658832 0 1 -0
2.97904 0.049177 0.352384 0.536195 0.545048 -0 1 -0
0.075708 0.049177 -7.16355 0.481717 0.672962 -0 1 0
-1.26763 0.049177 -6.95078 0.45651 0.669341 0 1 -0
2.97904 0.049177 0.352384 0.536195 0.545048 -0 1 -0
1.41905 0.049177 -6.95078 0.506923 0.669341 -0 1 0
0.075708 0.049177 -7.16355 0.481717 0.672962 -0 1 0
2.97904 0.049177 0.352384 0.536195 0.545048 -0 1 -0
2.6309 0.049177 -6.33332 0.529662 0.658832 0 1 -0
1.41905 0.049177 -6.95078 0.506923 0.669341 -0 1 0
2.97904 0.049177 0.352384 0.536195 0.545048 -0 1 -0
3.59263 0.049177 -5.37159 0.547708 0.642465 0 1 -0
2.6309 0.049177 -6.33332 0.529662 0.658832 0 1 -0
2.97904 0.049177 0.352384 0.536195 0.545048 -0 1 -0
3.63688 0.049177 -5.28474 0.548538 0.640987 0 1 0
3.59263 0.049177 -5.37159 0.547708 0.642465 0 1 -0
3.8852 0.049177 0.498212 0.553198 0.542566 0 1 -0
3.63688 0.049177 -5.28474 0.548538 0.640987 0 1 0
2.97904 0.049177 0.352384 0.536195 0.545048 -0 1 -0
4.78479 0.049177 0.355731 0.570078 0.544991 0 1 -0
3.63688 0.049177 -5.28474 0.548538 0.640987 0 1 0
3.8852 0.049177 0.498212 0.553198 0.542566 0 1 -0
5.59633 0.049177 -0.057766 0.585305 0.552029 -0 1 0
3.63688 0.049177 -5.28474 0.548538 0.640987 0 1 0
4.78479 0.049177 0.355731 0.570078 0.544991 0 1 -0
6.24036 0.049177 -0.701803 0.59739 0.562989 -0 1 0
3.63688 0.049177 -5.28474 0.548538 0.640987 0 1 0
5.59633 0.049177 -0.057766 0.585305 0.552029 -0 1 0
6.65386 0.049177 -1.51334 0.605149 0.576801 0 1 -0
3.63688 0.049177 -5.28474 0.548538 0.640987 0 1 0
6.24036 0.049177 -0.701803 0.59739 0.562989 -0 1 0
6.79634 0.049177 -2.41293 0.607822 0.592111 -0 1 -0
3.63688 0.049177 -5.28474 0.548538 0.640987 0 1 0
6.65386 0.049177 -1.51334 0.605149 0.576801 0 1 -0
6.65386 0.049177 -3.31252 0.605149 0.607421 -0 1 0
3.63688 0.049177 -5.28474 0.548538 0.640987 0 1 0
6.79634 0.049177 -2.41293 0.607822 0.592111 -0 1 -0
6.24036 0.049177 -4.12405 0.59739 0.621233 -0 1 0
3.63688 0.049177 -5.28474 0.548538 0.640987 0 1 0
6.65386 0.049177 -3.31252 0.605149 0.607421 -0 1 0
5.59632 0.049177 -4.76809 0.585305 0.632194 -0 1 0
3.63688 0.049177 -5.28474 0.548538 0.640987 0 1 0
6.24036 0.049177 -4.12405 0.59739 0.621233 -0 1 0
5.59632 0.049177 -4.76809 0.585305 0.632194 -0 1 0
3.8852 0.049177 -5.32407 0.553198 0.641656 -0 1 0
3.63688 0.049177 -5.28474 0.548538 0.640987 0 1 0
5.59632 0.049177 -4.76809 0.585305 0.632194 -0 1 0
4.78479 0.049177 -5.18159 0.570078 0.639231 0 1 -0
3.8852 0.049177 -5.32407 0.553198 0.641656 -0 1 0
6.6461 0.049177 -3.31 0.605003 0.142622 0 -1 -0
5.59153 0.049177 -4.76149 0.585215 0.117919 -0 -1 0
6.23376 0.049177 -4.11926 0.597266 0.128849 0 -1 -0
6.6461 0.049177 -3.31 0.605003 0.142622 0 -1 -0
4.78227 0.049177 -5.17383 0.57003 0.110901 0 -1 -0
5.59153 0.049177 -4.76149 0.585215 0.117919 -0 -1 0
6.6461 0.049177 -3.31 0.605003 0.142622 0 -1 -0
3.8852 0.049177 -5.31591 0.553198 0.108483 0 -1 -0
4.78227 0.049177 -5.17383 0.57003 0.110901 0 -1 -0
6.6461 0.049177 -3.31 0.605003 0.142622 0 -1 -0
3.63235 0.049177 -5.27586 0.548453 0.109165 -0 -1 0
3.8852 0.049177 -5.31591 0.553198 0.108483 0 -1 -0
6.78818 0.049177 -2.41293 0.607669 0.157889 -0 -1 0
3.63235 0.049177 -5.27586 0.548453 0.109165 -0 -1 0
6.6461 0.049177 -3.31 0.605003 0.142622 0 -1 -0
6.6461 0.049177 -1.51586 0.605003 0.173156 0 -1 -0
3.63235 0.049177 -5.27586 0.548453 0.109165 -0 -1 0
6.78818 0.049177 -2.41293 0.607669 0.157889 -0 -1 0
6.23376 0.049177 -0.706601 0.597266 0.186929 -0 -1 0
3.63235 0.049177 -5.27586 0.548453 0.109165 -0 -1 0
6.6461 0.049177 -1.51586 0.605003 0.173156 0 -1 -0
5.59153 0.049177 -0.064369 0.585215 0.197859 -0 -1 0
3.63235 0.049177 -5.27586 0.548453 0.109165 -0 -1 0
6.23376 0.049177 -0.706601 0.597266 0.186929 -0 -1 0
4.78227 0.049177 0.347968 0.57003 0.204877 0 -1 0
3.63235 0.049177 -5.27586 0.548453 0.109165 -0 -1 0
5.59153 0.049177 -0.064369 0.585215 0.197859 -0 -1 0
3.8852 0.049177 0.49005 0.553198 0.207295 0 -1 0
3.63235 0.049177 -5.27586 0.548453 0.109165 -0 -1 0
4.78227 0.049177 0.347968 0.57003 0.204877 0 -1 0
2.98813 0.049177 0.347968 0.536365 0.204877 0 -1 0
3.63235 0.049177 -5.27586 0.548453 0.109165 -0 -1 0
3.8852 0.049177 0.49005 0.553198 0.207295 0 -1 0
2.97748 0.049177 0.342542 0.536166 0.204784 0 -1 0
3.63235 0.049177 -5.27586 0.548453 0.109165 -0 -1 0
2.98813 0.049177 0.347968 0.536365 0.204877 0 -1 0
2.6261 0.049177 0.69392 0.529572 0.210764 -0 -1 -0
3.63235 0.049177 -5.27586 0.548453 0.109165 -0 -1 0
2.97748 0.049177 0.342542 0.536166 0.204784 0 -1 0
1.41653 0.049177 1.31023 0.506876 0.221253 -0 -1 -0
3.63235 0.049177 -5.27586 0.548453 0.109165 -0 -1 0
2.6261 0.049177 0.69392 0.529572 0.210764 -0 -1 -0
0.075708 0.049177 1.52259 0.481717 0.224868 -0 -1 0
3.63235 0.049177 -5.27586 0.548453 0.109165 -0 -1 0
1.41653 0.049177 1.31023 0.506876 0.221253 -0 -1 -0
-1.26511 0.049177 1.31023 0.456558 0.221253 0 -1 0
3.63235 0.049177 -5.27586 0.548453 0.109165 -0 -1 0
0.075708 0.049177 1.52259 0.481717 0.224868 -0 -1 0
-2.47469 0.049177 0.69392 0.433861 0.210764 -0 -1 0
3.63235 0.049177 -5.27586 0.548453 0.109165 -0 -1 0
-1.26511 0.049177 1.31023 0.456558 0.221253 0 -1 0
-3.43461 0.049177 -0.266003 0.41585 0.194427 -0 -1 0
3.63235 0.049177 -5.27586 0.548453 0.109165 -0 -1 0
-2.47469 0.049177 0.69392 0.433861 0.210764 -0 -1 0
-4.05091 0.049177 -1.47557 0.404285 0.173842 -0 -1 -0
3.63235 0.049177 -5.27586 0.548453 0.109165 -0 -1 0
-3.43461 0.049177 -0.266003 0.41585 0.194427 -0 -1 0
-4.26328 0.049177 -2.8164 0.4003 0.151022 -0 -1 -0
3.63235 0.049177 -5.27586 0.548453 0.109165 -0 -1 0
-4.05091 0.049177 -1.47557 0.404285 0.173842 -0 -1 -0
-4.05091 0.049177 -4.15722 0.404285 0.128203 -0 -1 0
3.63235 0.049177 -5.27586 0.548453 0.109165 -0 -1 0
-4.26328 0.049177 -2.8164 0.4003 0.151022 -0 -1 -0
-3.43461 0.049177 -5.36679 0.415849 0.107617 0 -1 0
3.63235 0.049177 -5.27586 0.548453 0.109165 -0 -1 0
-4.05091 0.049177 -4.15722 0.404285 0.128203 -0 -1 0
-2.47469 0.049177 -6.32671 0.433861 0.09128 0 -1 -0
3.63235 0.049177 -5.27586 0.548453 0.109165 -0 -1 0
-3.43461 0.049177 -5.36679 0.415849 0.107617 0 -1 0
-1.26511 0.049177 -6.94302 0.456558 0.080791 -0 -1 0
3.63235 0.049177 -5.27586 0.548453 0.109165 -0 -1 0
-2.47469 0.049177 -6.32671 0.433861 0.09128 0 -1 -0
0.075708 0.049177 -7.15539 0.481717 0.077177 -0 -1 0
3.63235 0.049177 -5.27586 0.548453 0.109165 -0 -1 0
-1.26511 0.049177 -6.94302 0.456558 0.080791 -0 -1 0
1.41653 0.049177 -6.94302 0.506876 0.080791 0 -1 -0
3.63235 0.049177 -5.27586 0.548453 0.109165 -0 -1 0
0.075708 0.049177 -7.15539 0.481717 0.077177 -0 -1 0
1.41653 0.049177 -6.94302 0.506876 0.080791 0 -1 -0
3.58602 0.049177 -5.36679 0.547584 0.107617 -0 -1 0
3.63235 0.049177 -5.27586 0.548453 0.109165 -0 -1 0
1.41653 0.049177 -6.94302 0.506876 0.080791 0 -1 -0
2.6261 0.049177 -6.32671 0.529572 0.09128 0 -1 -0
3.58602 0.049177 -5.36679 0.547584 0.107617 -0 -1 0
