Vertex Count: 348

Data:

3.55561 0.049177 -5.00181 0.7 0.53167 0 -1 -0
4.34216 0.049177 -4.88437 0.75 0.520341 0 -1 -0
4.33995 0.049177 -4.87758 0.75 0.53167 0 -1 -0
3.55561 0.049177 -5.00894 0.7 0.520341 0 -1 -0
4.34216 0.049177 -4.88437 0.75 0.520341 0 -1 -0
3.55561 0.049177 -5.00181 0.7 0.53167 0 -1 -0
3.55561 0.049177 -5.00181 0.7 0.53167 0 -1 -0
3.3385 0.049177 -4.97455 0.686194 0.520341 -0 -1 -0
3.55561 0.049177 -5.00894 0.7 0.520341 0 -1 -0
3.33454 0.049177 -4.96679 0.685904 0.53167 -0 -1 -0
3.3385 0.049177 -4.97455 0.686194 0.520341 -0 -1 -0
3.55561 0.049177 -5.00181 0.7 0.53167 0 -1 -0
3.29403 0.049177 -5.04629 0.85 0.521243 0 -1 -0
3.3385 0.049177 -4.97455 0.853616 0.513644 0 -1 -0
3.33454 0.049177 -4.96679 0.853786 0.521243 0 -1 -0
3.2998 0.049177 -5.05049 0.85 0.513644 0 -1 -0
3.3385 0.049177 -4.97455 0.853616 0.513644 0 -1 -0
3.29403 0.049177 -5.04629 0.85 0.521243 0 -1 -0
2.45474 0.049177 -5.88559 0.8 0.521243 0 -1 -0
3.2998 0.049177 -5.05049 0.849832 0.513644 0 -1 -0
3.29403 0.049177 -5.04629 0.849739 0.521243 0 -1 -0
2.45893 0.049177 -5.89136 0.8 0.513644 0 -1 -0
3.2998 0.049177 -5.05049 0.849832 0.513644 0 -1 -0
2.45474 0.049177 -5.88559 0.8 0.521243 0 -1 -0
1.39717 0.049177 -6.42445 0.75 0.521243 0 -1 -0
2.45893 0.049177 -5.89136 0.8 0.513644 0 -1 -0
2.45474 0.049177 -5.88559 0.8 0.521243 0 -1 -0
1.39937 0.049177 -6.43123 0.75 0.513644 0 -1 -0
2.45893 0.049177 -5.89136 0.8 0.513644 0 -1 -0
1.39717 0.049177 -6.42445 0.75 0.521243 0 -1 -0
0.224841 0.049177 -6.61013 0.7 0.521243 0 -1 -0
1.39937 0.049177 -6.43123 0.749832 0.513644 0 -1 -0
1.39717 0.049177 -6.42445 0.75 0.521243 0 -1 -0
0.224841 0.049177 -6.61726 0.7 0.513644 0 -1 -0
1.39937 0.049177 -6.43123 0.749832 0.513644 0 -1 -0
0.224841 0.049177 -6.61013 0.7 0.521243 0 -1 -0
-0.947485 0.049177 -6.42445 0.65 0.521243 -0 -1 -0
0.224841 0.049177 -6.61726 0.7 0.513644 0 -1 -0
0.224841 0.049177 -6.61013 0.7 0.521243 0 -1 -0
-0.949691 0.049177 -6.43123 0.65 0.513644 -0 -1 -0
0.224841 0.049177 -6.61726 0.7 0.513644 0 -1 -0
-0.947485 0.049177 -6.42445 0.65 0.521243 -0 -1 -0
-2.00506 0.049177 -5.88559 0.6 0.521243 -0 -1 -0
-0.949691 0.049177 -6.43123 0.65 0.513644 -0 -1 -0
-0.947485 0.049177 -6.42445 0.649739 0.521243 -0 -1 -0
-2.00925 0.049177 -5.89136 0.6 0.513644 -0 -1 -0
-0.949691 0.049177 -6.43123 0.65 0.513644 -0 -1 -0
-2.00506 0.049177 -5.88559 0.6 0.521243 -0 -1 -0
-2.84435 0.049177 -5.0463 0.55 0.521243 -0 -1 -0
-2.00925 0.049177 -5.89136 0.599832 0.513644 -0 -1 -0
-2.00506 0.049177 -5.88559 0.599739 0.521243 -0 -1 -0
-2.85012 0.049177 -5.05049 0.55 0.513644 -0 -1 -0
-2.00925 0.049177 -5.89136 0.599832 0.513644 -0 -1 -0
-2.84435 0.049177 -5.0463 0.55 0.521243 -0 -1 -0
-3.38321 0.049177 -3.98872 0.5 0.521243 -0 -1 -0
-2.85012 0.049177 -5.05049 0.549832 0.513644 -0 -1 -0
-2.84435 0.049177 -5.0463 0.549739 0.521243 -0 -1 -0
-3.39 0.049177 -3.99093 0.5 0.513644 -0 -1 -0
-2.85012 0.049177 -5.05049 0.549832 0.513644 -0 -1 -0
-3.38321 0.049177 -3.98872 0.5 0.521243 -0 -1 -0
-3.56889 0.049177 -2.8164 0.45 0.521243 -0 -1 -0
-3.39 0.049177 -3.99093 0.499832 0.513644 -0 -1 -0
-3.38321 0.049177 -3.98872 0.5 0.521243 -0 -1 -0
-3.57602 0.049177 -2.8164 0.45 0.513644 -0 -1 -0
-3.39 0.049177 -3.99093 0.499832 0.513644 -0 -1 -0
-3.56889 0.049177 -2.8164 0.45 0.521243 -0 -1 -0
-3.38321 0.049177 -1.64407 0.4 0.521243 -0 -1 0
-3.57602 0.049177 -2.8164 0.45 0.513644 -0 -1 -0
-3.56889 0.049177 -2.8164 0.45 0.521243 -0 -1 -0
-3.39 0.049177 -1.64187 0.4 0.513644 -0 -1 0
-3.57602 0.049177 -2.8164 0.45 0.513644 -0 -1 -0
-3.38321 0.049177 -1.64407 0.4 0.521243 -0 -1 0
-2.84435 0.049177 -0.586499 0.35 0.521243 -0 -1 0
-3.39 0.049177 -1.64187 0.4 0.513644 -0 -1 0
-3.38321 0.049177 -1.64407 0.4 0.521243 -0 -1 0
-2.85012 0.049177 -0.582304 0.35 0.513644 -0 -1 0
-3.39 0.049177 -1.64187 0.4 0.513644 -0 -1 0
-2.84435 0.049177 -0.586499 0.35 0.521243 -0 -1 0
-2.00506 0.049177 0.252795 0.3 0.521243 -0 -1 0
-2.85012 0.049177 -0.582304 0.35 0.513644 -0 -1 0
-2.84435 0.049177 -0.586499 0.35 0.521243 -0 -1 0
-2.00925 0.049177 0.258568 0.3 0.513644 -0 -1 0
-2.85012 0.049177 -0.582304 0.35 0.513644 -0 -1 0
-2.00506 0.049177 0.252795 0.3 0.521243 -0 -1 0
-0.947487 0.049177 0.791654 0.25 0.521243 -0 -1 0
-2.00925 0.049177 0.258568 0.3 0.513644 -0 -1 0
-2.00506 0.049177 0.252795 0.299738 0.521243 -0 -1 0
-0.949692 0.049177 0.798441 0.25 0.513644 -0 -1 0
-2.00925 0.049177 0.258568 0.3 0.513644 -0 -1 0
-0.947487 0.049177 0.791654 0.25 0.521243 -0 -1 0
0.224841 0.049177 0.977333 0.2 0.521243 -0 -1 0
-0.949692 0.049177 0.798441 0.249832 0.513644 -0 -1 0
-0.947487 0.049177 0.791654 0.249738 0.521243 -0 -1 0
0.224841 0.049177 0.984469 0.2 0.513644 -0 -1 0
-0.949692 0.049177 0.798441 0.249832 0.513644 -0 -1 0
0.224841 0.049177 0.977333 0.2 0.521243 -0 -1 0
1.39717 0.049177 0.791655 0.15 0.521243 0 -1 0
0.224841 0.049177 0.984469 0.2 0.513644 -0 -1 0
0.224841 0.049177 0.977333 0.2 0.521243 -0 -1 0
1.39937 0.049177 0.798442 0.15 0.513644 0 -1 0
0.224841 0.049177 0.984469 0.2 0.513644 -0 -1 0
1.39717 0.049177 0.791655 0.15 0.521243 0 -1 0
2.45474 0.049177 0.252795 0.1 0.521243 0 -1 0
1.39937 0.049177 0.798442 0.15 0.513644 0 -1 0
1.39717 0.049177 0.791655 0.149738 0.521243 0 -1 0
2.45893 0.049177 0.258569 0.1 0.513644 0 -1 0
1.39937 0.049177 0.798442 0.15 0.513644 0 -1 0
2.45474 0.049177 0.252795 0.1 0.521243 0 -1 0
2.45474 0.049177 0.252795 0.1 0.521243 0 -1 0
2.76332 0.049177 -0.045822 0.081952 0.513644 0 -1 0
2.45893 0.049177 0.258569 0.1 0.513644 0 -1 0
2.76196 0.049177 -0.054427 0.081778 0.521243 0 -1 0
2.76332 0.049177 -0.045822 0.081952 0.513644 0 -1 0
2.45474 0.049177 0.252795 0.1 0.521243 0 -1 0
2.77127 0.049177 -0.049683 0.25001 0.53167 -0 -1 0
2.76332 0.049177 -0.045822 0.250424 0.52034 -0 -1 0
2.76196 0.049177 -0.054427 0.250671 0.53167 -0 -1 0
2.76907 0.049177 -0.042896 0.250016 0.520341 -0 -1 0
2.76332 0.049177 -0.045822 0.250424 0.52034 -0 -1 0
2.77127 0.049177 -0.049683 0.25001 0.53167 -0 -1 0
3.55561 0.049177 0.074544 0.2 0.53167 -0 -1 0
2.76907 0.049177 -0.042896 0.24975 0.520341 -0 -1 0
2.77127 0.049177 -0.049683 0.24961 0.53167 -0 -1 0
3.55561 0.049177 0.08168 0.2 0.520341 -0 -1 0
2.76907 0.049177 -0.042896 0.24975 0.520341 -0 -1 0
3.55561 0.049177 0.074544 0.2 0.53167 -0 -1 0
4.33995 0.049177 -0.049683 0.15 0.53167 0 -1 0
3.55561 0.049177 0.08168 0.2 0.520341 -0 -1 0
3.55561 0.049177 0.074544 0.2 0.53167 -0 -1 0
4.34216 0.049177 -0.042896 0.15 0.520341 0 -1 0
3.55561 0.049177 0.08168 0.2 0.520341 -0 -1 0
4.33995 0.049177 -0.049683 0.15 0.53167 0 -1 0
5.04751 0.049177 -0.410204 0.1 0.53167 0 -1 0
4.34216 0.049177 -0.042896 0.14975 0.520341 0 -1 0
4.33995 0.049177 -0.049683 0.14961 0.53167 0 -1 0
5.05171 0.049177 -0.404431 0.1 0.520341 0 -1 0
4.34216 0.049177 -0.042896 0.14975 0.520341 0 -1 0
5.04751 0.049177 -0.410204 0.1 0.53167 0 -1 0
5.60904 0.049177 -0.971729 0.05 0.53167 0 -1 0
5.05171 0.049177 -0.404431 0.1 0.520341 0 -1 0
5.04751 0.049177 -0.410204 0.09961 0.53167 0 -1 0
5.61481 0.049177 -0.967534 0.05 0.52034 0 -1 0
5.05171 0.049177 -0.404431 0.1 0.520341 0 -1 0
5.60904 0.049177 -0.971729 0.05 0.53167 0 -1 0
5.96956 0.049177 -1.67929 0 0.53167 0 -1 0
5.61481 0.049177 -0.967534 0.05 0.52034 0 -1 0
5.60904 0.049177 -0.971729 0.04961 0.53167 0 -1 0
5.97635 0.049177 -1.67709 0 0.520341 0 -1 0
5.61481 0.049177 -0.967534 0.05 0.52034 0 -1 0
5.96956 0.049177 -1.67929 0 0.53167 0 -1 0
6.09379 0.049177 -2.46363 0.95 0.53167 0 -1 0
5.97635 0.049177 -1.67709 0.99975 0.520341 0 -1 0
5.96956 0.049177 -1.67929 0.99961 0.53167 0 -1 0
6.10092 0.049177 -2.46363 0.95 0.520341 0 -1 0
5.97635 0.049177 -1.67709 0.99975 0.520341 0 -1 0
6.09379 0.049177 -2.46363 0.95 0.53167 0 -1 0
5.96956 0.049177 -3.24797 0.9 0.53167 0 -1 -0
6.10092 0.049177 -2.46363 0.95 0.520341 0 -1 0
6.09379 0.049177 -2.46363 0.95 0.53167 0 -1 0
5.97635 0.049177 -3.25017 0.9 0.520341 0 -1 -0
6.10092 0.049177 -2.46363 0.95 0.520341 0 -1 0
5.96956 0.049177 -3.24797 0.9 0.53167 0 -1 -0
5.60904 0.049177 -3.95553 0.85 0.53167 0 -1 -0
5.97635 0.049177 -3.25017 0.89975 0.520341 0 -1 -0
5.96956 0.049177 -3.24797 0.89961 0.53167 0 -1 -0
5.61481 0.049177 -3.95973 0.85 0.520341 0 -1 -0
5.97635 0.049177 -3.25017 0.89975 0.520341 0 -1 -0
5.60904 0.049177 -3.95553 0.85 0.53167 0 -1 -0
5.04751 0.049177 -4.51706 0.8 0.53167 0 -1 -0
5.61481 0.049177 -3.95973 0.85 0.520341 0 -1 -0
5.60904 0.049177 -3.95553 0.84961 0.53167 0 -1 -0
5.05171 0.049177 -4.52283 0.8 0.52034 0 -1 -0
5.61481 0.049177 -3.95973 0.85 0.520341 0 -1 -0
5.04751 0.049177 -4.51706 0.8 0.53167 0 -1 -0
4.33995 0.049177 -4.87758 0.75 0.53167 0 -1 -0
5.05171 0.049177 -4.52283 0.8 0.52034 0 -1 -0
5.04751 0.049177 -4.51706 0.8 0.53167 0 -1 -0
4.34216 0.049177 -4.88437 0.75 0.520341 0 -1 -0
5.05171 0.049177 -4.52283 0.8 0.52034 0 -1 -0
4.33995 0.049177 -4.87758 0.75 0.53167 0 -1 -0
3.55561 0.049177 0.08168 0.553198 0.542566 0 1 -0
2.76332 0.049177 -0.045822 0.536195 0.545048 -0 1 -0
2.76907 0.049177 -0.042896 0.536318 0.544991 -0 1 0
2.76332 0.049177 -0.045822 0.536195 0.545048 -0 1 -0
1.39937 0.049177 0.798442 0.506923 0.528614 -0 1 -0
2.45893 0.049177 0.258569 0.529662 0.539123 -0 1 -0
2.76332 0.049177 -0.045822 0.536195 0.545048 -0 1 -0
0.224841 0.049177 0.984469 0.481717 0.524993 0 1 0
1.39937 0.049177 0.798442 0.506923 0.528614 -0 1 -0
2.76332 0.049177 -0.045822 0.536195 0.545048 -0 1 -0
-0.949692 0.049177 0.798441 0.45651 0.528614 -0 1 -0
0.224841 0.049177 0.984469 0.481717 0.524993 0 1 0
2.76332 0.049177 -0.045822 0.536195 0.545048 -0 1 -0
-2.00925 0.049177 0.258568 0.433771 0.539123 -0 1 0
-0.949692 0.049177 0.798441 0.45651 0.528614 -0 1 -0
2.76332 0.049177 -0.045822 0.536195 0.545048 -0 1 -0
-2.85012 0.049177 -0.582304 0.415726 0.555491 -0 1 0
-2.00925 0.049177 0.258568 0.433771 0.539123 -0 1 0
2.76332 0.049177 -0.045822 0.536195 0.545048 -0 1 -0
-3.39 0.049177 -1.64187 0.404139 0.576115 0 1 -0
-2.85012 0.049177 -0.582304 0.415726 0.555491 -0 1 0
2.76332 0.049177 -0.045822 0.536195 0.545048 -0 1 -0
-3.57602 0.049177 -2.8164 0.400147 0.598978 0 1 -0
-3.39 0.049177 -1.64187 0.404139 0.576115 0 1 -0
2.76332 0.049177 -0.045822 0.536195 0.545048 -0 1 -0
-3.39 0.049177 -3.99093 0.404139 0.62184 0 1 -0
-3.57602 0.049177 -2.8164 0.400147 0.598978 0 1 -0
2.76332 0.049177 -0.045822 0.536195 0.545048 -0 1 -0
-2.85012 0.049177 -5.05049 0.415726 0.642465 0 1 -0
-3.39 0.049177 -3.99093 0.404139 0.62184 0 1 -0
2.76332 0.049177 -0.045822 0.536195 0.545048 -0 1 -0
-2.00925 0.049177 -5.89136 0.433771 0.658832 0 1 -0
-2.85012 0.049177 -5.05049 0.415726 0.642465 0 1 -0
2.76332 0.049177 -0.045822 0.536195 0.545048 -0 1 -0
-0.949691 0.049177 -6.43123 0.45651 0.669341 0 1 -0
-2.00925 0.049177 -5.89136 0.433771 0.658832 0 1 -0
2.76332 0.049177 -0.045822 0.536195 0.545048 -0 1 -0
0.224841 0.049177 -6.61726 0.481717 0.672962 -0 1 0
-0.949691 0.049177 -6.43123 0.45651 0.669341 0 1 -0
2.76332 0.049177 -0.045822 0.536195 0.545048 -0 1 -0
1.39937 0.049177 -6.43123 0.506923 0.669341 -0 1 0
0.224841 0.049177 -6.61726 0.481717 0.672962 -0 1 0
2.76332 0.049177 -0.045822 0.536195 0.545048 -0 1 -0
2.45893 0.049177 -5.89136 0.529662 0.658832 0 1 -0
1.39937 0.049177 -6.43123 0.506923 0.669341 -0 1 0
2.76332 0.049177 -0.045822 0.536195 0.545048 -0 1 -0
3.2998 0.049177 -5.05049 0.547708 0.642465 0 1 -0
2.45893 0.049177 -5.89136 0.529662 0.658832 0 1 -0
2.76332 0.049177 -0.045822 0.536195 0.545048 -0 1 -0
3.3385 0.049177 -4.97455 0.548538 0.640987 0 1 0
3.2998 0.049177 -5.05049 0.547708 0.642465 0 1 -0
3.55561 0.049177 0.08168 0.553198 0.542566 0 1 -0
3.3385 0.049177 -4.97455 0.548538 0.640987 0 1 0
2.76332 0.049177 -0.045822 0.536195 0.545048 -0 1 -0
4.34216 0.049177 -0.042896 0.570078 0.544991 0 1 -0
3.3385 0.049177 -4.97455 0.548538 0.640987 0 1 0
3.55561 0.049177 0.08168 0.553198 0.542566 0 1 -0
5.05171 0.049177 -0.404431 0.585305 0.552029 -0 1 0
3.3385 0.049177 -4.97455 0.548538 0.640987 0 1 0
4.34216 0.049177 -0.042896 0.570078 0.544991 0 1 -0
5.61481 0.049177 -0.967534 0.59739 0.562989 -0 1 0
3.3385 0.049177 -4.97455 0.548538 0.640987 0 1 0
5.05171 0.049177 -0.404431 0.585305 0.552029 -0 1 0
5.97635 0.049177 -1.67709 0.605149 0.576801 0 1 -0
3.3385 0.049177 -4.97455 0.548538 0.640987 0 1 0
5.61481 0.049177 -0.967534 0.59739 0.562989 -0 1 0
6.10092 0.049177 -2.46363 0.607822 0.592111 -0 1 -0
3.3385 0.049177 -4.97455 0.548538 0.640987 0 1 0
5.97635 0.049177 -1.67709 0.605149 0.576801 0 1 -0
5.97635 0.049177 -3.25017 0.605149 0.607421 -0 1 0
3.3385 0.049177 -4.97455 0.548538 0.640987 0 1 0
6.10092 0.049177 -2.46363 0.607822 0.592111 -0 1 -0
5.61481 0.049177 -3.95973 0.59739 0.621233 -0 1 0
3.3385 0.049177 -4.97455 0.548538 0.640987 0 1 0
5.97635 0.049177 -3.25017 0.605149 0.607421 -0 1 0
5.05171 0.049177 -4.52283 0.585305 0.632194 -0 1 0
3.3385 0.049177 -4.97455 0.548538 0.640987 0 1 0
5.61481 0.049177 -3.95973 0.59739 0.621233 -0 1 0
5.05171 0.049177 -4.52283 0.585305 0.632194 -0 1 0
3.55561 0.049177 -5.00894 0.553198 0.641656 -0 1 0
3.3385 0.049177 -4.97455 0.548538 0.640987 0 1 0
5.05171 0.049177 -4.52283 0.585305 0.632194 -0 1 0
4.34216 0.049177 -4.88437 0.570078 0.639231 0 1 -0
3.55561 0.049177 -5.00894 0.553198 0.641656 -0 1 0
5.96956 0.049177 -3.24797 0.605003 0.142622 0 -1 -0
5.04751 0.049177 -4.51706 0.585215 0.117919 -0 -1 0
5.60904 0.049177 -3.95553 0.597266 0.128849 0 -1 -0
5.96956 0.049177 -3.24797 0.605003 0.142622 0 -1 -0
4.33995 0.049177 -4.87758 0.57003 0.110901 0 -1 -0
5.04751 0.049177 -4.51706 0.585215 0.117919 -0 -1 0
5.96956 0.049177 -3.24797 0.605003 0.142622 0 -1 -0
3.55561 0.049177 -5.00181 0.553198 0.108483 0 -1 -0
4.33995 0.049177 -4.87758 0.57003 0.110901 0 -1 -0
5.96956 0.049177 -3.24797 0.605003 0.142622 0 -1 -0
3.33454 0.049177 -4.96679 0.548453 0.109165 -0 -1 0
3.55561 0.049177 -5.00181 0.553198 0.108483 0 -1 -0
6.09379 0.049177 -2.46363 0.607669 0.157889 -0 -1 0
3.33454 0.049177 -4.96679 0.548453 0.109165 -0 -1 0
5.96956 0.049177 -3.24797 0.605003 0.142622 0 -1 -0
5.96956 0.049177 -1.67929 0.605003 0.173156 0 -1 -0
3.33454 0.049177 -4.96679 0.548453 0.109165 -0 -1 0
6.09379 0.049177 -2.46363 0.607669 0.157889 -0 -1 0
5.60904 0.049177 -0.971729 0.597266 0.186929 -0 -1 0
3.33454 0.049177 -4.96679 0.548453 0.109165 -0 -1 0
5.96956 0.049177 -1.67929 0.605003 0.173156 0 -1 -0
5.04751 0.049177 -0.410204 0.585215 0.197859 -0 -1 0
3.33454 0.049177 -4.96679 0.548453 0.109165 -0 -1 0
5.60904 0.049177 -0.971729 0.597266 0.186929 -0 -1 0
4.33995 0.049177 -0.049683 0.57003 0.204877 0 -1 0
3.33454 0.049177 -4.96679 0.548453 0.109165 -0 -1 0
5.04751 0.049177 -0.410204 0.585215 0.197859 -0 -1 0
3.55561 0.049177 0.074544 0.553198 0.207295 0 -1 0
3.33454 0.049177 -4.96679 0.548453 0.109165 -0 -1 0
4.33995 0.049177 -0.049683 0.57003 0.204877 0 -1 0
2.77127 0.049177 -0.049683 0.536365 0.204877 0 -1 0
3.33454 0.049177 -4.96679 0.548453 0.109165 -0 -1 0
3.55561 0.049177 0.074544 0.553198 0.207295 0 -1 0
2.76196 0.049177 -0.054427 0.536166 0.204784 0 -1 0
3.33454 0.049177 -4.96679 0.548453 0.109165 -0 -1 0
2.77127 0.049177 -0.049683 0.536365 0.204877 0 -1 0
2.45474 0.049177 0.252795 0.529572 0.210764 -0 -1 -0
3.33454 0.049177 -4.96679 0.548453 0.109165 -0 -1 0
2.76196 0.049177 -0.054427 0.536166 0.204784 0 -1 0
1.39717 0.049177 0.791655 0.506876 0.221253 -0 -1 -0
3.33454 0.049177 -4.96679 0.548453 0.109165 -0 -1 0
2.45474 0.049177 0.252795 0.529572 0.210764 -0 -1 -0
0.224841 0.049177 0.977333 0.481717 0.224868 -0 -1 0
3.33454 0.049177 -4.96679 0.548453 0.109165 -0 -1 0
1.39717 0.049177 0.791655 0.506876 0.221253 -0 -1 -0
-0.947487 0.049177 0.791654 0.456558 0.221253 0 -1 0
3.33454 0.049177 -4.96679 0.548453 0.109165 -0 -1 0
0.224841 0.049177 0.977333 0.481717 0.224868 -0 -1 0
-2.00506 0.049177 0.252795 0.433861 0.210764 -0 -1 0
3.33454 0.049177 -4.96679 0.548453 0.109165 -0 -1 0
-0.947487 0.049177 0.791654 0.456558 0.221253 0 -1 0
-2.84435 0.049177 -0.586499 0.41585 0.194427 -0 -1 0
3.33454 0.049177 -4.96679 0.548453 0.109165 -0 -1 0
-2.00506 0.049177 0.252795 0.433861 0.210764 -0 -1 0
-3.38321 0.049177 -1.64407 0.404285 0.173842 -0 -1 -0
3.33454 0.049177 -4.96679 0.548453 0.109165 -0 -1 0
-2.84435 0.049177 -0.586499 0.41585 0.194427 -0 -1 0
-3.56889 0.049177 -2.8164 0.4003 0.151022 -0 -1 -0
3.33454 0.049177 -4.96679 0.548453 0.109165 -0 -1 0
-3.38321 0.049177 -1.64407 0.404285 0.173842 -0 -1 -0
-3.38321 0.049177 -3.98872 0.404285 0.128203 -0 -1 0
3.33454 0.049177 -4.96679 0.548453 0.109165 -0 -1 0
-3.56889 0.049177 -2.8164 0.4003 0.151022 -0 -1 -0
-2.84435 0.049177 -5.0463 0.415849 0.107617 0 -1 0
3.33454 0.049177 -4.96679 0.548453 0.109165 -0 -1 0
-3.38321 0.049177 -3.98872 0.404285 0.128203 -0 -1 0
-2.00506 0.049177 -5.88559 0.433861 0.09128 0 -1 -0
3.33454 0.049177 -4.96679 0.548453 0.109165 -0 -1 0
-2.84435 0.049177 -5.0463 0.415849 0.107617 0 -1 0
-0.947485 0.049177 -6.42445 0.456558 0.080791 -0 -1 0
3.33454 0.049177 -4.96679 0.548453 0.109165 -0 -1 0
-2.00506 0.049177 -5.88559 0.433861 0.09128 0 -1 -0
0.224841 0.049177 -6.61013 0.481717 0.077177 -0 -1 0
3.33454 0.049177 -4.96679 0.548453 0.109165 -0 -1 0
-0.947485 0.049177 -6.42445 0.456558 0.080791 -0 -1 0
1.39717 0.049177 -6.42445 0.506876 0.080791 0 -1 -0
3.33454 0.049177 -4.96679 0.548453 0.109165 -0 -1 0
0.224841 0.049177 -6.61013 0.481717 0.077177 -0 -1 0
1.39717 0.049177 -6.42445 0.506876 0.080791 0 -1 -0
3.29403 0.049177 -5.04629 0.547584 0.107617 -0 -1 0
3.33454 0.049177 -4.96679 0.548453 0.109165 -0 -1 0
1.39717 0.049177 -6.42445 0.506876 0.080791 0 -1 -0
2.45474 0.049177 -5.88559 0.529572 0.09128 0 -1 -0
3.29403 0.049177 -5.04629 0.547584 0.107617 -0 -1 0
